100/0 or 0/100 good for both son and daughter:
5_101:
female:
014647
166350
148438
044282
159041
038083
202388
182932
050825
139677
174921
126912
182783
197001
162634
018341
164611
048831
000650
026836
074841
099185
093718
195151
165176
053639
140917
099121
106259
169450
002450
147740
184419
185188
046682
023764
070351
175871
087199
033015
165286
147071
103632
151421
187124
091674
004934
172963
156919
104038
108227
030069
173282
196776
090509
115384
170171
053799
173658
160142
083743
124392
031377
170460
184572
178104
017599
009522
105920
054815
054043
126366
155383
012033
145122
009454
074963
000736
004180
098766
138791
001234
070014
003268
003344
075489
185072
197187
010808
035437
177485
075841
140884
129200
164743
083419
124786
200294
090927
155236
186494
129538
199713
172044
012200
180025
164370
111499
046850
107698
142774
052993
114446
075194



male:
075550
134332
061717
185715
042530
110724
151944
146474
025613
005791
115323
078309
180286
084600
119921
182471
201449
191155
140951
115363
163225
006251
129741
157578
196811
068284
154442
034865
082366
005557
051208
088266
112490
094795
172084
036378
026186
079655
018474
189232
127240
034878
096355
008207
136001
142118
179746
004042
131803
073149
135985
175407
019271
083183
015310
031343
054787
053344
158771
123127
133880
051492
064466
016131
133340
055023
017178
096598
138978
045153
165160
045031
027068
176559
066747
001047
186605
034757
111155
163843
099518
134115
090728
148028
065937
076724
107247
140156
165841
198128
034666
012317
181362
109823
174865
150750
047360
050563
192408
190585
130671
199552
145679
181632
076970
072605
078849
075592









